Game #1
game vs MCST
game: 3
     6  6  6  6  7  7
  0                    1
     6  6  0  7  7  7

MCST: 1
     7  7  7  7  8  0
  1                    1
     7  6  0  7  7  7

game: 2
     7  7  7  7  8  1
  1                    2
     7  0  1  8  8  8

MCST: 3
     8  8  8  0  8  1
  2                    2
     8  1  2  8  8  8

game: 4
     8  9  9  1  9  2
  2                    3
     8  1  2  0  9  9

MCST: 1
     8  9  9  2 10  0
  2                    3
     8  1  2  0  9  9

game: 5
     9 10 10  3 11  1
  2                    4
     9  1  2  0  0 10

MCST: 6
     0 10 10  3 12  2
  3                    4
    10  2  3  1  1 11

game: 5
     0 10 10  3 12  2
  3                    4
    10  2  3  1  0 12

MCST: 3
     0 11 11  0 12  2
 14                    4
     0  2  3  1  0 12

game: 4
     0 11 11  0  0  2
 14                   17
     0  2  3  0  0 12

MCST: 4
     1 12  0  0  0  3
 17                   17
     1  3  4  1  0 13

game: 3
     1 12  0  0  0  3
 17                   18
     1  3  0  2  1 14

game: 6
     2 13  1  1  1  4
 17                   20
     2  4  1  3  2  1

game: 6
     2 13  1  1  1  4
 17                   21
     2  4  1  3  2  0

game: 5
     2 13  1  1  1  4
 17                   22
     2  4  1  3  0  1

game: 6
     2 13  1  1  1  4
 17                   23
     2  4  1  3  0  0

game: 4
     2 13  1  1  1  4
 17                   24
     2  4  1  0  1  1

game: 6
     2 13  1  1  1  4
 17                   25
     2  4  1  0  1  0

game: 2
     2 13  1  1  1  0
 17                   30
     2  0  2  1  2  0

MCST: 6
     0 13  1  1  1  0
 18                   30
     3  0  2  1  2  0

game: 5
     0 13  1  1  1  0
 18                   31
     3  0  2  1  0  1

game: 6
     0 13  1  1  1  0
 18                   32
     3  0  2  1  0  0

game: 4
     0 13  1  1  0  0
 18                   34
     3  0  2  0  0  0

MCST: 5
     1  0  2  2  1  1
 21                   34
     4  0  3  1  1  1

game: 1
     1  0  2  2  1  1
 21                   34
     0  1  4  2  2  1

MCST: 3
     1  0  3  0  1  1
 23                   34
     0  0  4  2  2  1

game: 6
     1  0  3  0  1  1
 23                   35
     0  0  4  2  2  0

game: 5
     1  0  3  0  1  1
 23                   36
     0  0  4  2  0  1

game: 6
     1  0  3  0  1  1
 23                   37
     0  0  4  2  0  0

game: 3
     1  0  3  0  1  1
 23                   38
     0  0  0  3  1  1

game: 6
     1  0  3  0  1  1
 23                   39
     0  0  0  3  1  0

game: 4
     1  0  3  0  1  1
 23                   40
     0  0  0  0  2  1

game: 6
     1  0  3  0  1  1
 23                   41
     0  0  0  0  2  0

game: 5
     1  0  3  0  1  1
 23                   42
     0  0  0  0  0  1

game: 6
     0  0  0  0  0  0
 29                   43
     0  0  0  0  0  0

Final game score: 43:29

Game #2
MCST vs game
MCST: 1
     6  6  6  6  6  6
  0                    1
     0  7  7  7  7  7

MCST: 2
     6  6  6  6  7  7
  0                    2
     0  0  8  8  8  8

game: 3
     7  7  7  0  7  7
  1                    2
     1  1  8  8  8  8

MCST: 3
     7  7  8  1  8  8
  1                    3
     1  1  0  9  9  9

game: 2
     8  8  9  2  0  8
  2                    3
     2  2  1  9  9  9

MCST: 4
     9  9 10  3  1  9
  2                    4
     2  2  1  0 10 10

game: 5
    10  0 10  3  1 10
  3                    4
     3  3  2  1 11 11

MCST: 5
    11  1 11  4  2 11
  3                    5
     4  4  3  1  0 12

game: 3
    12  2 12  0  2 11
  4                    5
     4  4  3  1  0 12

game: 5
    13  0 12  0  2 11
  5                    5
     4  4  3  1  0 12

game: 6
     0  1 13  1  3 12
 12                    5
     0  5  4  2  1 13

MCST: 6
     1  2 14  2  4  0
 12                   20
     1  6  5  3  2  0

game: 6
     0  2 14  2  4  0
 13                   20
     1  6  5  3  2  0

game: 5
     1  0 14  2  4  0
 14                   20
     1  6  5  3  2  0

game: 3
     1  0 15  0  4  0
 21                   20
     1  0  5  3  2  0

MCST: 5
     1  0 15  0  4  0
 21                   21
     1  0  5  3  0  1

MCST: 6
     1  0 15  0  4  0
 21                   22
     1  0  5  3  0  0

MCST: 4
     1  0 15  0  4  0
 21                   23
     1  0  5  0  1  1

MCST: 6
     1  0 15  0  4  0
 21                   24
     1  0  5  0  1  0

MCST: 1
     1  0 15  0  4  0
 21                   24
     0  1  5  0  1  0

game: 6
     0  0 15  0  4  0
 22                   24
     0  1  5  0  1  0

game: 2
     1  1 16  1  0  0
 22                   24
     0  1  5  0  1  0

MCST: 3
     1  1 16  1  0  1
 22                   25
     0  1  0  1  2  1

game: 6
     0  1 16  1  0  1
 23                   25
     0  1  0  1  2  1

game: 4
     2  3  1  2  1  2
 25                   25
     1  2  1  2  3  2

game: 3
     2  4  2  0  1  2
 25                   25
     1  2  1  2  3  2

MCST: 6
     2  4  2  0  1  3
 25                   26
     1  2  1  2  3  0

game: 2
     2  4  2  0  0  3
 28                   26
     1  2  1  0  3  0

MCST: 1
     2  4  2  0  0  3
 28                   26
     0  3  1  0  3  0

game: 1
     2  4  3  1  1  0
 28                   26
     0  3  1  0  3  0

MCST: 3
     2  4  3  0  1  0
 28                   28
     0  3  0  0  3  0

game: 6
     0  4  3  0  1  0
 29                   28
     1  3  0  0  3  0

MCST: 5
     0  4  3  0  1  1
 29                   29
     1  3  0  0  0  1

game: 2
     0  4  3  1  0  1
 29                   29
     1  3  0  0  0  1

MCST: 6
     0  4  3  1  0  1
 29                   30
     1  3  0  0  0  0

MCST: 2
     0  4  3  1  0  1
 29                   30
     1  0  1  1  1  0

game: 4
     1  5  0  1  0  1
 30                   30
     1  0  1  1  1  0

game: 6
     0  5  0  1  0  1
 31                   30
     1  0  1  1  1  0

game: 5
     1  0  0  1  0  1
 32                   30
     2  1  2  1  1  0

MCST: 5
     1  0  0  1  0  0
 32                   32
     2  1  2  1  0  0

game: 3
     1  0  0  0  0  0
 35                   32
     2  1  0  1  0  0

MCST: 1
     1  0  0  0  0  0
 35                   32
     0  2  1  1  0  0

game: 6
     0  0  0  0  0  0
 36                   36
     0  0  0  0  0  0

Final game score: 36:36

Final balance: 14
